last_bootstrap: '2026-02-28T07:04:02.110033+00:00'
last_error: null
last_run: '2026-02-28T07:04:02.110033+00:00'
run_history:
- errors: 1
  finished_at: '2026-02-13T20:02:15.773388+00:00'
  records_fetched: 0
  records_new: 0
  records_skipped: 0
  records_updated: 0
  sample_records_saved: 0
  started_at: '2026-02-13T20:02:15.773388+00:00'
- errors: 0
  finished_at: '2026-02-13T20:03:35.658893+00:00'
  records_fetched: 15
  records_new: 0
  records_skipped: 0
  records_updated: 0
  sample_records_saved: 15
  started_at: '2026-02-13T20:03:35.658893+00:00'
- errors: 0
  finished_at: '2026-02-26T14:51:01.077203+00:00'
  records_fetched: 3
  records_new: 0
  records_skipped: 0
  records_updated: 0
  sample_records_saved: 3
  started_at: '2026-02-26T14:51:01.077203+00:00'
- errors: 0
  finished_at: '2026-02-28T07:04:02.110033+00:00'
  records_fetched: 15
  records_new: 0
  records_skipped: 0
  records_updated: 0
  sample_records_saved: 15
  started_at: '2026-02-28T07:04:02.110033+00:00'
total_records: 0
