last_bootstrap: null
last_error: null
last_run: '2026-03-27T09:11:46.185271+00:00'
run_history:
- errors: 0
  finished_at: '2026-03-27T08:46:34.497871+00:00'
  records_fetched: 15
  records_new: 0
  records_skipped: 0
  records_updated: 0
  sample_records_saved: 15
  skip_exception: 0
  skip_normalize_none: 0
  started_at: '2026-03-27T08:44:58.718371+00:00'
- errors: 0
  finished_at: '2026-03-27T09:07:36.996999+00:00'
  records_fetched: 15
  records_new: 0
  records_skipped: 0
  records_updated: 0
  sample_records_saved: 15
  skip_exception: 0
  skip_normalize_none: 0
  started_at: '2026-03-27T09:06:04.556108+00:00'
- errors: 0
  finished_at: '2026-03-27T09:11:46.185271+00:00'
  records_fetched: 15
  records_new: 0
  records_skipped: 0
  records_updated: 0
  sample_records_saved: 15
  skip_exception: 0
  skip_normalize_none: 0
  started_at: '2026-03-27T09:10:11.998997+00:00'
total_records: 0
