last_bootstrap: null
last_error: null
last_run: '2026-03-29T04:50:33.249681+00:00'
run_history:
- errors: 0
  finished_at: '2026-03-29T04:48:53.527482+00:00'
  records_fetched: 15
  records_new: 0
  records_skipped: 0
  records_updated: 0
  sample_records_saved: 15
  skip_exception: 0
  skip_normalize_none: 0
  started_at: '2026-03-29T04:48:24.289686+00:00'
- errors: 0
  finished_at: '2026-03-29T04:49:56.459073+00:00'
  records_fetched: 12
  records_new: 0
  records_skipped: 0
  records_updated: 0
  sample_records_saved: 12
  skip_exception: 0
  skip_normalize_none: 0
  started_at: '2026-03-29T04:49:34.548319+00:00'
- errors: 0
  finished_at: '2026-03-29T04:50:33.249681+00:00'
  records_fetched: 15
  records_new: 0
  records_skipped: 0
  records_updated: 0
  sample_records_saved: 15
  skip_exception: 0
  skip_normalize_none: 0
  started_at: '2026-03-29T04:50:06.485961+00:00'
total_records: 0
