last_bootstrap: null
last_error: null
last_run: '2026-02-28T15:39:23.836299+00:00'
run_history:
- errors: 0
  finished_at: '2026-02-28T15:36:22.223246+00:00'
  records_fetched: 10
  records_new: 0
  records_skipped: 0
  records_updated: 0
  sample_records_saved: 10
  skip_exception: 0
  skip_normalize_none: 0
  started_at: '2026-02-28T15:35:43.819042+00:00'
- errors: 0
  finished_at: '2026-02-28T15:39:23.836299+00:00'
  records_fetched: 10
  records_new: 0
  records_skipped: 0
  records_updated: 0
  sample_records_saved: 10
  skip_exception: 0
  skip_normalize_none: 0
  started_at: '2026-02-28T15:38:39.406666+00:00'
total_records: 0
