last_bootstrap: null
last_error: '''str'' object has no attribute ''get'''
last_run: '2026-02-11T12:42:22.350662+00:00'
run_history:
- error_message: '''str'' object has no attribute ''get'''
  errors: 0
  finished_at: '2026-02-11T11:44:48.987979+00:00'
  records_fetched: 0
  records_new: 0
  records_skipped: 0
  records_updated: 0
  sample_records_saved: 0
  started_at: '2026-02-11T11:44:33.385569+00:00'
- errors: 0
  finished_at: '2026-02-11T11:46:26.036899+00:00'
  records_fetched: 12
  records_new: 0
  records_skipped: 0
  records_updated: 0
  sample_records_saved: 12
  started_at: '2026-02-11T11:45:35.303010+00:00'
- errors: 0
  finished_at: '2026-02-11T12:42:22.350662+00:00'
  records_fetched: 12
  records_new: 0
  records_skipped: 0
  records_updated: 0
  sample_records_saved: 12
  started_at: '2026-02-11T12:41:54.571741+00:00'
total_records: 0
