last_bootstrap: null
last_error: null
last_run: '2026-04-18T02:08:33.835239+00:00'
run_history:
- errors: 0
  finished_at: '2026-04-18T02:05:10.979546+00:00'
  records_fetched: 10
  records_new: 0
  records_skipped: 0
  records_updated: 0
  sample_records_saved: 10
  skip_exception: 0
  skip_normalize_none: 0
  started_at: '2026-04-18T02:03:53.640238+00:00'
- errors: 0
  finished_at: '2026-04-18T02:08:33.835239+00:00'
  records_fetched: 10
  records_new: 0
  records_skipped: 0
  records_updated: 0
  sample_records_saved: 10
  skip_exception: 0
  skip_normalize_none: 0
  started_at: '2026-04-18T02:05:30.777143+00:00'
total_records: 0
