last_bootstrap: null
last_error: '''str'' object has no attribute ''get'''
last_run: '2026-02-11T05:04:08.669494+00:00'
run_history:
- error_message: '''str'' object has no attribute ''get'''
  errors: 0
  finished_at: '2026-02-11T04:35:39.746933+00:00'
  records_fetched: 0
  records_new: 0
  records_skipped: 0
  records_updated: 0
  sample_records_saved: 0
  started_at: '2026-02-11T04:35:36.320535+00:00'
- errors: 0
  finished_at: '2026-02-11T04:38:13.058551+00:00'
  records_fetched: 12
  records_new: 0
  records_skipped: 0
  records_updated: 0
  sample_records_saved: 12
  started_at: '2026-02-11T04:37:46.192709+00:00'
- errors: 0
  finished_at: '2026-02-11T05:04:08.669494+00:00'
  records_fetched: 12
  records_new: 0
  records_skipped: 0
  records_updated: 0
  sample_records_saved: 12
  started_at: '2026-02-11T05:03:41.013347+00:00'
total_records: 0
