last_bootstrap: null
last_error: null
last_run: '2026-02-26T22:03:07.421588+00:00'
run_history:
- errors: 0
  finished_at: '2026-02-26T20:34:51.983095+00:00'
  records_fetched: 10
  records_new: 0
  records_skipped: 0
  records_updated: 0
  sample_records_saved: 10
  started_at: '2026-02-26T20:34:18.078718+00:00'
- errors: 0
  finished_at: '2026-02-26T20:37:39.371036+00:00'
  records_fetched: 15
  records_new: 0
  records_skipped: 0
  records_updated: 0
  sample_records_saved: 15
  started_at: '2026-02-26T20:36:26.531280+00:00'
- errors: 0
  finished_at: '2026-02-26T22:03:07.421588+00:00'
  records_fetched: 10
  records_new: 0
  records_skipped: 0
  records_updated: 0
  sample_records_saved: 10
  started_at: '2026-02-26T22:02:22.616722+00:00'
total_records: 0
