last_bootstrap: null
last_error: null
last_run: '2026-03-22T00:18:52.988877+00:00'
run_history:
- errors: 0
  finished_at: '2026-03-22T00:13:41.210918+00:00'
  records_fetched: 12
  records_new: 0
  records_skipped: 0
  records_updated: 0
  sample_records_saved: 12
  skip_exception: 0
  skip_normalize_none: 0
  started_at: '2026-03-22T00:13:13.894920+00:00'
- errors: 0
  finished_at: '2026-03-22T00:18:02.719521+00:00'
  records_fetched: 12
  records_new: 0
  records_skipped: 0
  records_updated: 0
  sample_records_saved: 12
  skip_exception: 0
  skip_normalize_none: 0
  started_at: '2026-03-22T00:17:35.514495+00:00'
- errors: 0
  finished_at: '2026-03-22T00:18:52.988877+00:00'
  records_fetched: 12
  records_new: 0
  records_skipped: 0
  records_updated: 0
  sample_records_saved: 12
  skip_exception: 0
  skip_normalize_none: 0
  started_at: '2026-03-22T00:18:25.827572+00:00'
total_records: 0
