last_bootstrap: null
last_error: null
last_run: '2026-03-08T17:33:51.221237+00:00'
run_history:
- errors: 0
  finished_at: '2026-02-26T00:04:59.220853+00:00'
  records_fetched: 12
  records_new: 0
  records_skipped: 0
  records_updated: 0
  sample_records_saved: 12
  started_at: '2026-02-26T00:04:31.549490+00:00'
- errors: 0
  finished_at: '2026-03-08T17:33:51.221237+00:00'
  records_fetched: 5
  records_new: 0
  records_skipped: 0
  records_updated: 0
  sample_records_saved: 5
  skip_exception: 0
  skip_normalize_none: 0
  started_at: '2026-03-08T17:33:39.121002+00:00'
total_records: 0
