last_bootstrap: null
last_error: null
last_run: '2026-04-17T12:11:15.552839+00:00'
run_history:
- errors: 0
  finished_at: '2026-04-15T19:48:30.810438+00:00'
  records_fetched: 10
  records_new: 0
  records_skipped: 0
  records_updated: 0
  sample_records_saved: 10
  skip_exception: 0
  skip_normalize_none: 0
  started_at: '2026-04-15T19:48:01.332091+00:00'
- errors: 0
  finished_at: '2026-04-17T11:30:31.361995+00:00'
  records_fetched: 10
  records_new: 0
  records_skipped: 0
  records_updated: 0
  sample_records_saved: 10
  skip_exception: 0
  skip_normalize_none: 0
  started_at: '2026-04-17T11:30:01.279921+00:00'
- errors: 0
  finished_at: '2026-04-17T12:11:15.552839+00:00'
  records_fetched: 10
  records_new: 0
  records_skipped: 0
  records_updated: 0
  sample_records_saved: 10
  skip_exception: 0
  skip_normalize_none: 0
  started_at: '2026-04-17T12:10:42.870700+00:00'
total_records: 0
