last_bootstrap: null
last_error: null
last_run: '2026-04-27T14:14:29.788612+00:00'
run_history:
- errors: 0
  finished_at: '2026-04-27T14:14:29.788612+00:00'
  records_fetched: 15
  records_new: 0
  records_skipped: 0
  records_updated: 0
  sample_records_saved: 15
  skip_exception: 0
  skip_normalize_none: 0
  started_at: '2026-04-27T14:06:45.647965+00:00'
total_records: 0
