last_bootstrap: null
last_error: null
last_run: '2026-04-23T22:20:45.401122+00:00'
run_history:
- errors: 0
  finished_at: '2026-04-23T22:20:45.401122+00:00'
  records_fetched: 15
  records_new: 0
  records_skipped: 0
  records_updated: 0
  sample_records_saved: 15
  skip_exception: 0
  skip_normalize_none: 0
  started_at: '2026-04-23T22:18:48.666134+00:00'
total_records: 0
