last_bootstrap: null
last_error: null
last_run: '2026-03-08T02:34:24.914145+00:00'
run_history:
- errors: 0
  finished_at: '2026-02-21T09:33:48.705430+00:00'
  records_fetched: 12
  records_new: 0
  records_skipped: 0
  records_updated: 0
  sample_records_saved: 12
  started_at: '2026-02-21T09:33:25.909769+00:00'
- errors: 0
  finished_at: '2026-03-08T02:34:24.914145+00:00'
  records_fetched: 12
  records_new: 0
  records_skipped: 0
  records_updated: 0
  sample_records_saved: 12
  skip_exception: 0
  skip_normalize_none: 0
  started_at: '2026-03-08T02:33:57.673507+00:00'
total_records: 0
