last_bootstrap: null
last_error: null
last_run: '2026-05-02T01:12:22.300825+00:00'
run_history:
- errors: 0
  finished_at: '2026-05-02T01:12:22.300825+00:00'
  records_fetched: 12
  records_new: 0
  records_skipped: 0
  records_updated: 0
  sample_records_saved: 12
  skip_exception: 0
  skip_normalize_none: 0
  started_at: '2026-05-02T01:11:57.118127+00:00'
total_records: 0
