last_bootstrap: null
last_error: null
last_run: '2026-03-24T12:46:53.369133+00:00'
run_history:
- errors: 0
  finished_at: '2026-03-24T12:45:08.819383+00:00'
  records_fetched: 12
  records_new: 0
  records_skipped: 0
  records_updated: 0
  sample_records_saved: 12
  skip_exception: 0
  skip_normalize_none: 0
  started_at: '2026-03-24T12:44:23.569407+00:00'
- errors: 0
  finished_at: '2026-03-24T12:46:53.369133+00:00'
  records_fetched: 12
  records_new: 0
  records_skipped: 0
  records_updated: 0
  sample_records_saved: 12
  skip_exception: 0
  skip_normalize_none: 0
  started_at: '2026-03-24T12:46:07.551377+00:00'
total_records: 0
