last_bootstrap: '2026-02-20T00:15:42.154260+00:00'
last_error: null
last_run: '2026-02-20T00:15:42.154260+00:00'
run_history:
- errors: 1
  finished_at: '2026-02-20T00:10:38.961835+00:00'
  records_fetched: 0
  records_new: 0
  records_skipped: 0
  records_updated: 0
  sample_records_saved: 0
  started_at: '2026-02-20T00:10:38.961835+00:00'
- errors: 0
  finished_at: '2026-02-20T00:13:50.901939+00:00'
  records_fetched: 2
  records_new: 0
  records_skipped: 0
  records_updated: 0
  sample_records_saved: 2
  started_at: '2026-02-20T00:13:50.901939+00:00'
- errors: 0
  finished_at: '2026-02-20T00:15:42.154260+00:00'
  records_fetched: 15
  records_new: 0
  records_skipped: 0
  records_updated: 0
  sample_records_saved: 15
  started_at: '2026-02-20T00:15:42.154260+00:00'
total_records: 0
