last_bootstrap: null
last_error: null
last_run: '2026-03-13T19:07:33.654376+00:00'
run_history:
- errors: 0
  finished_at: '2026-03-13T18:15:36.492393+00:00'
  records_fetched: 12
  records_new: 0
  records_skipped: 0
  records_updated: 0
  sample_records_saved: 12
  skip_exception: 0
  skip_normalize_none: 0
  started_at: '2026-03-13T18:15:15.509487+00:00'
- errors: 0
  finished_at: '2026-03-13T19:07:33.654376+00:00'
  records_fetched: 15
  records_new: 0
  records_skipped: 0
  records_updated: 0
  sample_records_saved: 15
  skip_exception: 0
  skip_normalize_none: 0
  started_at: '2026-03-13T19:06:33.872421+00:00'
total_records: 0
