last_bootstrap: null
last_error: null
last_run: '2026-03-22T14:12:07.949234+00:00'
run_history:
- errors: 0
  finished_at: '2026-03-22T14:08:57.374271+00:00'
  records_fetched: 0
  records_new: 0
  records_skipped: 0
  records_updated: 0
  sample_records_saved: 0
  skip_exception: 0
  skip_normalize_none: 0
  started_at: '2026-03-22T14:08:23.509275+00:00'
- errors: 0
  finished_at: '2026-03-22T14:12:07.949234+00:00'
  records_fetched: 10
  records_new: 0
  records_skipped: 0
  records_updated: 0
  sample_records_saved: 10
  skip_exception: 0
  skip_normalize_none: 0
  started_at: '2026-03-22T14:11:32.749045+00:00'
total_records: 0
