last_bootstrap: null
last_error: null
last_run: '2026-03-22T16:13:45.847714+00:00'
run_history:
- errors: 0
  finished_at: '2026-03-22T16:13:20.440688+00:00'
  records_fetched: 12
  records_new: 0
  records_skipped: 0
  records_updated: 0
  sample_records_saved: 12
  skip_exception: 0
  skip_normalize_none: 0
  started_at: '2026-03-22T16:13:06.801967+00:00'
- errors: 0
  finished_at: '2026-03-22T16:13:45.847714+00:00'
  records_fetched: 12
  records_new: 0
  records_skipped: 0
  records_updated: 0
  sample_records_saved: 12
  skip_exception: 0
  skip_normalize_none: 0
  started_at: '2026-03-22T16:13:32.980709+00:00'
total_records: 0
