last_bootstrap: null
last_error: null
last_run: '2026-04-17T00:04:54.125252+00:00'
run_history:
- errors: 0
  finished_at: '2026-04-16T23:21:59.026889+00:00'
  records_fetched: 15
  records_new: 0
  records_skipped: 0
  records_updated: 0
  sample_records_saved: 15
  skip_exception: 0
  skip_normalize_none: 0
  started_at: '2026-04-16T23:21:02.884483+00:00'
- errors: 0
  finished_at: '2026-04-17T00:04:54.125252+00:00'
  records_fetched: 15
  records_new: 0
  records_skipped: 0
  records_updated: 0
  sample_records_saved: 15
  skip_exception: 0
  skip_normalize_none: 0
  started_at: '2026-04-17T00:03:58.417883+00:00'
total_records: 0
