last_bootstrap: null
last_error: '''str'' object has no attribute ''get'''
last_run: '2026-02-12T16:33:48.508392+00:00'
run_history:
- error_message: '''str'' object has no attribute ''get'''
  errors: 0
  finished_at: '2026-02-12T16:09:39.268093+00:00'
  records_fetched: 0
  records_new: 0
  records_skipped: 0
  records_updated: 0
  sample_records_saved: 0
  started_at: '2026-02-12T16:09:21.095915+00:00'
- errors: 0
  finished_at: '2026-02-12T16:11:37.908049+00:00'
  records_fetched: 3
  records_new: 0
  records_skipped: 0
  records_updated: 0
  sample_records_saved: 3
  started_at: '2026-02-12T16:10:03.903430+00:00'
- errors: 0
  finished_at: '2026-02-12T16:32:20.954626+00:00'
  records_fetched: 3
  records_new: 0
  records_skipped: 0
  records_updated: 0
  sample_records_saved: 3
  started_at: '2026-02-12T16:31:05.058407+00:00'
- errors: 0
  finished_at: '2026-02-12T16:33:48.508392+00:00'
  records_fetched: 12
  records_new: 0
  records_skipped: 0
  records_updated: 0
  sample_records_saved: 12
  started_at: '2026-02-12T16:33:03.029961+00:00'
total_records: 0
