last_bootstrap: null
last_error: null
last_run: '2026-03-27T07:50:28.543669+00:00'
run_history:
- errors: 3
  finished_at: '2026-03-27T07:50:28.543669+00:00'
  records_fetched: 15
  records_new: 0
  records_skipped: 0
  records_updated: 0
  sample_records_saved: 15
  skip_exception: 0
  skip_normalize_none: 3
  started_at: '2026-03-27T07:49:06.731417+00:00'
total_records: 0
