last_bootstrap: null
last_error: null
last_run: '2026-04-13T17:42:11.745438+00:00'
run_history:
- errors: 0
  finished_at: '2026-04-13T17:30:34.994611+00:00'
  records_fetched: 0
  records_new: 0
  records_skipped: 0
  records_updated: 0
  sample_records_saved: 0
  skip_exception: 0
  skip_normalize_none: 0
  started_at: '2026-04-13T17:30:29.536673+00:00'
- errors: 0
  finished_at: '2026-04-13T17:33:05.064551+00:00'
  records_fetched: 10
  records_new: 0
  records_skipped: 0
  records_updated: 0
  sample_records_saved: 10
  skip_exception: 0
  skip_normalize_none: 0
  started_at: '2026-04-13T17:31:04.395283+00:00'
- errors: 0
  finished_at: '2026-04-13T17:42:11.745438+00:00'
  records_fetched: 10
  records_new: 0
  records_skipped: 0
  records_updated: 0
  sample_records_saved: 10
  skip_exception: 0
  skip_normalize_none: 0
  started_at: '2026-04-13T17:38:40.878553+00:00'
total_records: 0
