last_bootstrap: null
last_error: null
last_run: '2026-03-30T12:44:27.699318+00:00'
run_history:
- errors: 0
  finished_at: '2026-03-30T12:41:02.283462+00:00'
  records_fetched: 15
  records_new: 0
  records_skipped: 0
  records_updated: 0
  sample_records_saved: 15
  skip_exception: 0
  skip_normalize_none: 0
  started_at: '2026-03-30T12:40:22.145804+00:00'
- errors: 0
  finished_at: '2026-03-30T12:44:27.699318+00:00'
  records_fetched: 15
  records_new: 0
  records_skipped: 0
  records_updated: 0
  sample_records_saved: 15
  skip_exception: 0
  skip_normalize_none: 0
  started_at: '2026-03-30T12:43:47.880623+00:00'
total_records: 0
