last_bootstrap: null
last_error: null
last_run: '2026-02-25T10:33:28.471757+00:00'
run_history:
- errors: 0
  finished_at: '2026-02-25T06:34:35.907221+00:00'
  records_fetched: 12
  records_new: 0
  records_skipped: 0
  records_updated: 0
  sample_records_saved: 12
  started_at: '2026-02-25T06:34:24.324224+00:00'
- errors: 0
  finished_at: '2026-02-25T10:33:28.471757+00:00'
  records_fetched: 12
  records_new: 0
  records_skipped: 0
  records_updated: 0
  sample_records_saved: 12
  started_at: '2026-02-25T10:33:17.510364+00:00'
total_records: 0
