last_bootstrap: null
last_error: null
last_run: '2026-04-24T04:01:14.813529+00:00'
run_history:
- errors: 0
  finished_at: '2026-04-24T03:59:41.204219+00:00'
  records_fetched: 0
  records_new: 0
  records_skipped: 0
  records_updated: 0
  sample_records_saved: 0
  skip_exception: 0
  skip_normalize_none: 0
  started_at: '2026-04-24T03:49:23.874469+00:00'
- errors: 0
  finished_at: '2026-04-24T04:01:14.813529+00:00'
  records_fetched: 10
  records_new: 0
  records_skipped: 0
  records_updated: 0
  sample_records_saved: 10
  skip_exception: 0
  skip_normalize_none: 0
  started_at: '2026-04-24T04:00:16.624855+00:00'
total_records: 0
