last_bootstrap: null
last_error: null
last_run: '2026-04-16T01:47:41.403925+00:00'
run_history:
- errors: 0
  finished_at: '2026-04-15T17:49:52.744707+00:00'
  records_fetched: 10
  records_new: 0
  records_skipped: 0
  records_updated: 0
  sample_records_saved: 10
  skip_exception: 0
  skip_normalize_none: 0
  started_at: '2026-04-15T17:46:16.200380+00:00'
- errors: 0
  finished_at: '2026-04-15T21:24:11.935077+00:00'
  records_fetched: 10
  records_new: 0
  records_skipped: 0
  records_updated: 0
  sample_records_saved: 10
  skip_exception: 0
  skip_normalize_none: 0
  started_at: '2026-04-15T21:19:40.470097+00:00'
- errors: 0
  finished_at: '2026-04-16T01:41:24.949242+00:00'
  records_fetched: 10
  records_new: 0
  records_skipped: 0
  records_updated: 0
  sample_records_saved: 10
  skip_exception: 0
  skip_normalize_none: 0
  started_at: '2026-04-16T01:36:42.327797+00:00'
- errors: 0
  finished_at: '2026-04-16T01:47:41.403925+00:00'
  records_fetched: 10
  records_new: 0
  records_skipped: 0
  records_updated: 0
  sample_records_saved: 10
  skip_exception: 0
  skip_normalize_none: 0
  started_at: '2026-04-16T01:45:59.096873+00:00'
total_records: 0
