last_bootstrap: null
last_error: null
last_run: '2026-02-11T14:35:27.373026+00:00'
run_history:
- errors: 0
  finished_at: '2026-02-11T14:11:23.475501+00:00'
  records_fetched: 12
  records_new: 0
  records_skipped: 0
  records_updated: 0
  sample_records_saved: 12
  started_at: '2026-02-11T14:10:56.748802+00:00'
- errors: 0
  finished_at: '2026-02-11T14:35:27.373026+00:00'
  records_fetched: 5
  records_new: 0
  records_skipped: 0
  records_updated: 0
  sample_records_saved: 5
  started_at: '2026-02-11T14:35:09.729434+00:00'
total_records: 0
