last_bootstrap: null
last_error: null
last_run: '2026-04-25T05:30:57.231576+00:00'
run_history:
- errors: 0
  finished_at: '2026-04-25T05:27:04.616965+00:00'
  records_fetched: 10
  records_new: 0
  records_skipped: 0
  records_updated: 0
  sample_records_saved: 10
  skip_exception: 0
  skip_normalize_none: 0
  started_at: '2026-04-25T05:24:29.162197+00:00'
- errors: 0
  finished_at: '2026-04-25T05:30:57.231576+00:00'
  records_fetched: 15
  records_new: 0
  records_skipped: 0
  records_updated: 0
  sample_records_saved: 15
  skip_exception: 0
  skip_normalize_none: 0
  started_at: '2026-04-25T05:27:22.391140+00:00'
total_records: 0
