last_bootstrap: null
last_error: null
last_run: '2026-04-08T04:14:57.713566+00:00'
run_history:
- errors: 0
  finished_at: '2026-04-08T04:10:28.238085+00:00'
  records_fetched: 10
  records_new: 0
  records_skipped: 0
  records_updated: 0
  sample_records_saved: 10
  skip_exception: 0
  skip_normalize_none: 0
  started_at: '2026-04-08T04:09:43.270271+00:00'
- errors: 0
  finished_at: '2026-04-08T04:11:30.386954+00:00'
  records_fetched: 10
  records_new: 0
  records_skipped: 0
  records_updated: 0
  sample_records_saved: 10
  skip_exception: 0
  skip_normalize_none: 0
  started_at: '2026-04-08T04:10:45.337505+00:00'
- errors: 0
  finished_at: '2026-04-08T04:12:34.127667+00:00'
  records_fetched: 10
  records_new: 0
  records_skipped: 0
  records_updated: 0
  sample_records_saved: 10
  skip_exception: 0
  skip_normalize_none: 0
  started_at: '2026-04-08T04:11:49.121035+00:00'
- errors: 0
  finished_at: '2026-04-08T04:14:57.713566+00:00'
  records_fetched: 15
  records_new: 0
  records_skipped: 0
  records_updated: 0
  sample_records_saved: 15
  skip_exception: 0
  skip_normalize_none: 0
  started_at: '2026-04-08T04:13:57.704144+00:00'
total_records: 0
