last_bootstrap: null
last_error: null
last_run: '2026-03-22T16:40:44.103077+00:00'
run_history:
- errors: 0
  finished_at: '2026-03-22T16:39:12.674734+00:00'
  records_fetched: 0
  records_new: 0
  records_skipped: 0
  records_updated: 0
  sample_records_saved: 0
  skip_exception: 0
  skip_normalize_none: 0
  started_at: '2026-03-22T16:39:12.673900+00:00'
- errors: 0
  finished_at: '2026-03-22T16:40:44.103077+00:00'
  records_fetched: 12
  records_new: 0
  records_skipped: 0
  records_updated: 0
  sample_records_saved: 12
  skip_exception: 0
  skip_normalize_none: 0
  started_at: '2026-03-22T16:39:29.313689+00:00'
total_records: 0
