last_bootstrap: null
last_error: null
last_run: '2026-04-18T22:20:46.536630+00:00'
run_history:
- errors: 0
  finished_at: '2026-04-18T22:15:26.419738+00:00'
  records_fetched: 15
  records_new: 0
  records_skipped: 0
  records_updated: 0
  sample_records_saved: 15
  skip_exception: 0
  skip_normalize_none: 0
  started_at: '2026-04-18T22:14:37.078538+00:00'
- errors: 0
  finished_at: '2026-04-18T22:17:29.242048+00:00'
  records_fetched: 15
  records_new: 0
  records_skipped: 0
  records_updated: 0
  sample_records_saved: 15
  skip_exception: 0
  skip_normalize_none: 0
  started_at: '2026-04-18T22:15:57.320031+00:00'
- errors: 0
  finished_at: '2026-04-18T22:20:46.536630+00:00'
  records_fetched: 15
  records_new: 0
  records_skipped: 0
  records_updated: 0
  sample_records_saved: 15
  skip_exception: 0
  skip_normalize_none: 0
  started_at: '2026-04-18T22:18:05.620450+00:00'
total_records: 0
