last_bootstrap: null
last_error: null
last_run: '2026-02-26T04:35:09.393222+00:00'
run_history:
- errors: 0
  finished_at: '2026-02-26T03:35:23.146597+00:00'
  records_fetched: 12
  records_new: 0
  records_skipped: 0
  records_updated: 0
  sample_records_saved: 12
  started_at: '2026-02-26T03:34:58.459698+00:00'
- errors: 0
  finished_at: '2026-02-26T04:35:09.393222+00:00'
  records_fetched: 12
  records_new: 0
  records_skipped: 0
  records_updated: 0
  sample_records_saved: 12
  started_at: '2026-02-26T04:34:44.486883+00:00'
total_records: 0
