last_bootstrap: null
last_error: null
last_run: '2026-04-27T19:24:04.211874+00:00'
run_history:
- errors: 0
  finished_at: '2026-04-27T19:23:17.635129+00:00'
  records_fetched: 15
  records_new: 0
  records_skipped: 0
  records_updated: 0
  sample_records_saved: 15
  skip_exception: 0
  skip_normalize_none: 0
  started_at: '2026-04-27T19:22:47.693741+00:00'
- errors: 0
  finished_at: '2026-04-27T19:24:04.211874+00:00'
  records_fetched: 15
  records_new: 0
  records_skipped: 0
  records_updated: 0
  sample_records_saved: 15
  skip_exception: 0
  skip_normalize_none: 0
  started_at: '2026-04-27T19:23:34.230810+00:00'
total_records: 0
