last_bootstrap: null
last_error: null
last_run: '2026-03-27T21:03:44.787594+00:00'
run_history:
- errors: 0
  finished_at: '2026-03-27T21:01:04.129604+00:00'
  records_fetched: 15
  records_new: 0
  records_skipped: 0
  records_updated: 0
  sample_records_saved: 15
  skip_exception: 0
  skip_normalize_none: 0
  started_at: '2026-03-27T20:57:30.922858+00:00'
- errors: 0
  finished_at: '2026-03-27T21:03:44.787594+00:00'
  records_fetched: 15
  records_new: 0
  records_skipped: 0
  records_updated: 0
  sample_records_saved: 15
  skip_exception: 0
  skip_normalize_none: 0
  started_at: '2026-03-27T21:01:56.015605+00:00'
total_records: 0
