last_bootstrap: null
last_error: null
last_run: '2026-04-15T00:12:27.111988+00:00'
run_history:
- errors: 0
  finished_at: '2026-04-14T10:11:08.231588+00:00'
  records_fetched: 10
  records_new: 0
  records_skipped: 0
  records_updated: 0
  sample_records_saved: 10
  skip_exception: 0
  skip_normalize_none: 0
  started_at: '2026-04-14T10:10:41.030240+00:00'
- errors: 0
  finished_at: '2026-04-15T00:12:27.111988+00:00'
  records_fetched: 10
  records_new: 0
  records_skipped: 0
  records_updated: 0
  sample_records_saved: 10
  skip_exception: 0
  skip_normalize_none: 0
  started_at: '2026-04-15T00:11:58.509347+00:00'
total_records: 0
