last_bootstrap: null
last_error: null
last_run: '2026-04-13T19:53:37.626913+00:00'
run_history:
- errors: 0
  finished_at: '2026-04-13T19:21:31.817350+00:00'
  records_fetched: 10
  records_new: 0
  records_skipped: 0
  records_updated: 0
  sample_records_saved: 10
  skip_exception: 0
  skip_normalize_none: 0
  started_at: '2026-04-13T19:21:07.319092+00:00'
- errors: 0
  finished_at: '2026-04-13T19:53:37.626913+00:00'
  records_fetched: 10
  records_new: 0
  records_skipped: 0
  records_updated: 0
  sample_records_saved: 10
  skip_exception: 0
  skip_normalize_none: 0
  started_at: '2026-04-13T19:53:12.439860+00:00'
total_records: 0
