last_bootstrap: null
last_error: null
last_run: '2026-04-21T14:01:42.765480+00:00'
run_history:
- errors: 0
  finished_at: '2026-04-21T13:59:20.130561+00:00'
  records_fetched: 15
  records_new: 0
  records_skipped: 0
  records_updated: 0
  sample_records_saved: 15
  skip_exception: 0
  skip_normalize_none: 0
  started_at: '2026-04-21T13:58:04.637194+00:00'
- errors: 0
  finished_at: '2026-04-21T14:01:42.765480+00:00'
  records_fetched: 15
  records_new: 0
  records_skipped: 0
  records_updated: 0
  sample_records_saved: 15
  skip_exception: 0
  skip_normalize_none: 0
  started_at: '2026-04-21T14:00:27.807273+00:00'
total_records: 0
