last_bootstrap: null
last_error: null
last_run: '2026-04-18T03:00:03.283288+00:00'
run_history:
- errors: 0
  finished_at: '2026-04-18T03:00:03.283288+00:00'
  records_fetched: 12
  records_new: 0
  records_skipped: 0
  records_updated: 0
  sample_records_saved: 12
  skip_exception: 0
  skip_normalize_none: 0
  started_at: '2026-04-18T02:59:50.796684+00:00'
total_records: 0
