last_bootstrap: null
last_error: null
last_run: '2026-04-14T05:18:46.850652+00:00'
run_history:
- errors: 0
  finished_at: '2026-04-14T05:15:37.684941+00:00'
  records_fetched: 10
  records_new: 0
  records_skipped: 0
  records_updated: 0
  sample_records_saved: 10
  skip_exception: 0
  skip_normalize_none: 0
  started_at: '2026-04-14T05:15:19.321128+00:00'
- errors: 0
  finished_at: '2026-04-14T05:16:54.836408+00:00'
  records_fetched: 10
  records_new: 0
  records_skipped: 0
  records_updated: 0
  sample_records_saved: 10
  skip_exception: 0
  skip_normalize_none: 0
  started_at: '2026-04-14T05:16:22.382823+00:00'
- errors: 0
  finished_at: '2026-04-14T05:18:00.676671+00:00'
  records_fetched: 10
  records_new: 0
  records_skipped: 0
  records_updated: 0
  sample_records_saved: 10
  skip_exception: 0
  skip_normalize_none: 0
  started_at: '2026-04-14T05:17:29.477178+00:00'
- errors: 0
  finished_at: '2026-04-14T05:18:46.850652+00:00'
  records_fetched: 10
  records_new: 0
  records_skipped: 0
  records_updated: 0
  sample_records_saved: 10
  skip_exception: 0
  skip_normalize_none: 0
  started_at: '2026-04-14T05:18:15.756003+00:00'
total_records: 0
