last_bootstrap: null
last_error: null
last_run: '2026-04-14T19:52:35.156243+00:00'
run_history:
- errors: 0
  finished_at: '2026-04-14T19:13:34.206296+00:00'
  records_fetched: 0
  records_new: 0
  records_skipped: 0
  records_updated: 0
  sample_records_saved: 0
  skip_exception: 0
  skip_normalize_none: 0
  started_at: '2026-04-14T19:13:33.555046+00:00'
- errors: 0
  finished_at: '2026-04-14T19:49:20.349970+00:00'
  records_fetched: 10
  records_new: 0
  records_skipped: 0
  records_updated: 0
  sample_records_saved: 10
  skip_exception: 0
  skip_normalize_none: 0
  started_at: '2026-04-14T19:48:46.713013+00:00'
- errors: 0
  finished_at: '2026-04-14T19:52:35.156243+00:00'
  records_fetched: 10
  records_new: 0
  records_skipped: 0
  records_updated: 0
  sample_records_saved: 10
  skip_exception: 0
  skip_normalize_none: 0
  started_at: '2026-04-14T19:52:07.663036+00:00'
total_records: 0
