last_bootstrap: null
last_error: null
last_run: '2026-03-27T21:44:23.619986+00:00'
run_history:
- errors: 0
  finished_at: '2026-03-27T21:42:10.702551+00:00'
  records_fetched: 0
  records_new: 0
  records_skipped: 0
  records_updated: 0
  sample_records_saved: 0
  skip_exception: 0
  skip_normalize_none: 0
  started_at: '2026-03-27T21:40:57.593820+00:00'
- errors: 0
  finished_at: '2026-03-27T21:44:23.619986+00:00'
  records_fetched: 15
  records_new: 0
  records_skipped: 0
  records_updated: 0
  sample_records_saved: 15
  skip_exception: 0
  skip_normalize_none: 0
  started_at: '2026-03-27T21:42:38.899167+00:00'
total_records: 0
