last_bootstrap: null
last_error: null
last_run: '2026-04-28T19:12:57.734387+00:00'
run_history:
- errors: 0
  finished_at: '2026-04-28T19:12:57.734387+00:00'
  records_fetched: 15
  records_new: 0
  records_skipped: 0
  records_updated: 0
  sample_records_saved: 15
  skip_exception: 0
  skip_normalize_none: 0
  started_at: '2026-04-28T19:12:16.542978+00:00'
total_records: 0
