last_bootstrap: null
last_error: null
last_run: '2026-04-21T17:33:57.503953+00:00'
run_history:
- errors: 0
  finished_at: '2026-04-21T17:33:57.503953+00:00'
  records_fetched: 12
  records_new: 0
  records_skipped: 0
  records_updated: 0
  sample_records_saved: 12
  skip_exception: 0
  skip_normalize_none: 0
  started_at: '2026-04-21T17:32:29.144691+00:00'
total_records: 0
