last_bootstrap: null
last_error: null
last_run: '2026-04-22T01:55:13.622553+00:00'
run_history:
- errors: 0
  finished_at: '2026-04-22T01:17:37.573323+00:00'
  records_fetched: 10
  records_new: 0
  records_skipped: 0
  records_updated: 0
  sample_records_saved: 10
  skip_exception: 0
  skip_normalize_none: 0
  started_at: '2026-04-22T01:16:46.948382+00:00'
- errors: 0
  finished_at: '2026-04-22T01:55:13.622553+00:00'
  records_fetched: 15
  records_new: 0
  records_skipped: 0
  records_updated: 0
  sample_records_saved: 15
  skip_exception: 0
  skip_normalize_none: 0
  started_at: '2026-04-22T01:54:00.430286+00:00'
total_records: 0
