last_bootstrap: null
last_error: null
last_run: '2026-04-14T19:00:10.707986+00:00'
run_history:
- errors: 0
  finished_at: '2026-04-14T18:20:14.224188+00:00'
  records_fetched: 10
  records_new: 0
  records_skipped: 0
  records_updated: 0
  sample_records_saved: 10
  skip_exception: 0
  skip_normalize_none: 0
  started_at: '2026-04-14T18:19:50.431292+00:00'
- errors: 0
  finished_at: '2026-04-14T18:56:27.481005+00:00'
  records_fetched: 10
  records_new: 0
  records_skipped: 0
  records_updated: 0
  sample_records_saved: 10
  skip_exception: 0
  skip_normalize_none: 0
  started_at: '2026-04-14T18:55:59.876732+00:00'
- errors: 0
  finished_at: '2026-04-14T19:00:10.707986+00:00'
  records_fetched: 10
  records_new: 0
  records_skipped: 0
  records_updated: 0
  sample_records_saved: 10
  skip_exception: 0
  skip_normalize_none: 0
  started_at: '2026-04-14T18:59:42.476092+00:00'
total_records: 0
