last_bootstrap: null
last_error: null
last_run: '2026-04-20T22:53:34.113770+00:00'
run_history:
- errors: 0
  finished_at: '2026-04-20T22:45:07.197635+00:00'
  records_fetched: 10
  records_new: 0
  records_skipped: 0
  records_updated: 0
  sample_records_saved: 10
  skip_exception: 0
  skip_normalize_none: 0
  started_at: '2026-04-20T22:44:44.443194+00:00'
- errors: 0
  finished_at: '2026-04-20T22:46:13.620902+00:00'
  records_fetched: 10
  records_new: 0
  records_skipped: 0
  records_updated: 0
  sample_records_saved: 10
  skip_exception: 0
  skip_normalize_none: 0
  started_at: '2026-04-20T22:45:49.166405+00:00'
- errors: 0
  finished_at: '2026-04-20T22:53:34.113770+00:00'
  records_fetched: 10
  records_new: 0
  records_skipped: 0
  records_updated: 0
  sample_records_saved: 10
  skip_exception: 0
  skip_normalize_none: 0
  started_at: '2026-04-20T22:53:16.987321+00:00'
total_records: 0
