last_bootstrap: null
last_error: null
last_run: '2026-02-13T00:36:00.541932+00:00'
run_history:
- errors: 0
  finished_at: '2026-02-12T23:06:54.407423+00:00'
  records_fetched: 12
  records_new: 0
  records_skipped: 0
  records_updated: 0
  sample_records_saved: 12
  started_at: '2026-02-12T23:06:30.923124+00:00'
- errors: 0
  finished_at: '2026-02-13T00:02:47.856916+00:00'
  records_fetched: 12
  records_new: 0
  records_skipped: 0
  records_updated: 0
  sample_records_saved: 12
  started_at: '2026-02-13T00:01:07.735157+00:00'
- errors: 0
  finished_at: '2026-02-13T00:36:00.541932+00:00'
  records_fetched: 12
  records_new: 0
  records_skipped: 0
  records_updated: 0
  sample_records_saved: 12
  started_at: '2026-02-13T00:34:55.979572+00:00'
total_records: 0
