last_bootstrap: null
last_error: null
last_run: '2026-02-09T04:10:42.646968+00:00'
run_history:
- errors: 0
  finished_at: '2026-02-09T04:08:11.529349+00:00'
  records_fetched: 0
  records_new: 0
  records_skipped: 0
  records_updated: 0
  sample_records_saved: 0
  started_at: '2026-02-09T04:08:09.372278+00:00'
- errors: 0
  finished_at: '2026-02-09T04:10:42.646968+00:00'
  records_fetched: 12
  records_new: 0
  records_skipped: 0
  records_updated: 0
  sample_records_saved: 12
  started_at: '2026-02-09T04:09:53.495358+00:00'
total_records: 0
