last_bootstrap: null
last_error: null
last_run: '2026-04-17T17:27:01.181013+00:00'
run_history:
- errors: 0
  finished_at: '2026-04-17T15:18:42.261672+00:00'
  records_fetched: 15
  records_new: 0
  records_skipped: 0
  records_updated: 0
  sample_records_saved: 15
  skip_exception: 0
  skip_normalize_none: 0
  started_at: '2026-04-17T15:18:30.358138+00:00'
- errors: 0
  finished_at: '2026-04-17T17:27:01.181013+00:00'
  records_fetched: 15
  records_new: 0
  records_skipped: 0
  records_updated: 0
  sample_records_saved: 15
  skip_exception: 0
  skip_normalize_none: 0
  started_at: '2026-04-17T17:26:34.551388+00:00'
total_records: 0
