last_bootstrap: null
last_error: null
last_run: '2026-04-27T19:10:47.108126+00:00'
run_history:
- errors: 0
  finished_at: '2026-04-27T18:30:56.375421+00:00'
  records_fetched: 15
  records_new: 0
  records_skipped: 0
  records_updated: 0
  sample_records_saved: 15
  skip_exception: 0
  skip_normalize_none: 0
  started_at: '2026-04-27T18:28:40.930086+00:00'
- errors: 0
  finished_at: '2026-04-27T19:06:11.257584+00:00'
  records_fetched: 15
  records_new: 0
  records_skipped: 0
  records_updated: 0
  sample_records_saved: 15
  skip_exception: 0
  skip_normalize_none: 0
  started_at: '2026-04-27T19:03:48.836992+00:00'
- errors: 0
  finished_at: '2026-04-27T19:10:47.108126+00:00'
  records_fetched: 15
  records_new: 0
  records_skipped: 0
  records_updated: 0
  sample_records_saved: 15
  skip_exception: 0
  skip_normalize_none: 0
  started_at: '2026-04-27T19:08:25.290378+00:00'
total_records: 0
