last_bootstrap: null
last_error: null
last_run: '2026-03-27T20:48:26.393420+00:00'
run_history:
- errors: 0
  finished_at: '2026-03-24T18:30:57.143424+00:00'
  records_fetched: 0
  records_new: 0
  records_skipped: 0
  records_updated: 0
  sample_records_saved: 0
  skip_exception: 0
  skip_normalize_none: 0
  started_at: '2026-03-24T18:30:57.142640+00:00'
- errors: 0
  finished_at: '2026-03-24T18:31:35.304125+00:00'
  records_fetched: 12
  records_new: 0
  records_skipped: 0
  records_updated: 0
  sample_records_saved: 12
  skip_exception: 0
  skip_normalize_none: 0
  started_at: '2026-03-24T18:31:22.873422+00:00'
- errors: 0
  finished_at: '2026-03-27T20:48:26.393420+00:00'
  records_fetched: 12
  records_new: 0
  records_skipped: 0
  records_updated: 0
  sample_records_saved: 12
  skip_exception: 0
  skip_normalize_none: 0
  started_at: '2026-03-27T20:48:13.268900+00:00'
total_records: 0
