last_bootstrap: null
last_error: null
last_run: '2026-04-28T06:16:11.646575+00:00'
run_history:
- errors: 0
  finished_at: '2026-04-27T23:06:44.499317+00:00'
  records_fetched: 15
  records_new: 0
  records_skipped: 0
  records_updated: 0
  sample_records_saved: 15
  skip_exception: 0
  skip_normalize_none: 0
  started_at: '2026-04-27T23:05:21.491548+00:00'
- errors: 0
  finished_at: '2026-04-28T06:16:11.646575+00:00'
  records_fetched: 15
  records_new: 0
  records_skipped: 0
  records_updated: 0
  sample_records_saved: 15
  skip_exception: 0
  skip_normalize_none: 0
  started_at: '2026-04-28T06:14:51.987643+00:00'
total_records: 0
