last_bootstrap: null
last_error: null
last_run: '2026-02-21T22:07:04.407446+00:00'
run_history:
- errors: 0
  finished_at: '2026-02-12T00:03:38.772306+00:00'
  records_fetched: 12
  records_new: 0
  records_skipped: 0
  records_updated: 0
  sample_records_saved: 12
  started_at: '2026-02-12T00:01:48.696991+00:00'
- errors: 0
  finished_at: '2026-02-21T22:07:04.407446+00:00'
  records_fetched: 15
  records_new: 0
  records_skipped: 0
  records_updated: 0
  sample_records_saved: 15
  started_at: '2026-02-21T22:06:18.392005+00:00'
total_records: 0
