last_bootstrap: null
last_error: null
last_run: '2026-03-29T05:43:35.193204+00:00'
run_history:
- errors: 0
  finished_at: '2026-03-29T05:15:47.532116+00:00'
  records_fetched: 13
  records_new: 0
  records_skipped: 0
  records_updated: 0
  sample_records_saved: 13
  skip_exception: 0
  skip_normalize_none: 0
  started_at: '2026-03-29T05:15:10.398097+00:00'
- errors: 0
  finished_at: '2026-03-29T05:40:25.573387+00:00'
  records_fetched: 15
  records_new: 0
  records_skipped: 0
  records_updated: 0
  sample_records_saved: 15
  skip_exception: 0
  skip_normalize_none: 0
  started_at: '2026-03-29T05:35:39.773428+00:00'
- errors: 0
  finished_at: '2026-03-29T05:43:35.193204+00:00'
  records_fetched: 15
  records_new: 0
  records_skipped: 0
  records_updated: 0
  sample_records_saved: 15
  skip_exception: 0
  skip_normalize_none: 0
  started_at: '2026-03-29T05:40:59.872302+00:00'
total_records: 0
