last_bootstrap: null
last_error: null
last_run: '2026-03-25T06:18:30.320750+00:00'
run_history:
- errors: 0
  finished_at: '2026-03-25T05:38:13.419210+00:00'
  records_fetched: 15
  records_new: 0
  records_skipped: 0
  records_updated: 0
  sample_records_saved: 15
  skip_exception: 0
  skip_normalize_none: 0
  started_at: '2026-03-25T05:37:18.297678+00:00'
- errors: 0
  finished_at: '2026-03-25T05:40:01.813349+00:00'
  records_fetched: 15
  records_new: 0
  records_skipped: 0
  records_updated: 0
  sample_records_saved: 15
  skip_exception: 0
  skip_normalize_none: 0
  started_at: '2026-03-25T05:39:05.480986+00:00'
- errors: 0
  finished_at: '2026-03-25T06:18:30.320750+00:00'
  records_fetched: 15
  records_new: 0
  records_skipped: 0
  records_updated: 0
  sample_records_saved: 15
  skip_exception: 0
  skip_normalize_none: 0
  started_at: '2026-03-25T06:16:22.857431+00:00'
total_records: 0
