last_bootstrap: null
last_error: null
last_run: '2026-05-02T02:43:48.040985+00:00'
run_history:
- errors: 0
  finished_at: '2026-05-02T02:41:53.186101+00:00'
  records_fetched: 12
  records_new: 0
  records_skipped: 0
  records_updated: 0
  sample_records_saved: 12
  skip_exception: 0
  skip_normalize_none: 0
  started_at: '2026-05-02T02:40:41.465146+00:00'
- errors: 0
  finished_at: '2026-05-02T02:43:48.040985+00:00'
  records_fetched: 12
  records_new: 0
  records_skipped: 0
  records_updated: 0
  sample_records_saved: 12
  skip_exception: 0
  skip_normalize_none: 0
  started_at: '2026-05-02T02:42:29.862646+00:00'
total_records: 0
