last_bootstrap: null
last_error: null
last_run: '2026-02-10T03:05:32.034655+00:00'
run_history:
- errors: 0
  finished_at: '2026-02-10T03:05:04.171384+00:00'
  records_fetched: 12
  records_new: 0
  records_skipped: 0
  records_updated: 0
  sample_records_saved: 12
  started_at: '2026-02-10T03:04:55.023581+00:00'
- errors: 0
  finished_at: '2026-02-10T03:05:32.034655+00:00'
  records_fetched: 12
  records_new: 0
  records_skipped: 0
  records_updated: 0
  sample_records_saved: 12
  started_at: '2026-02-10T03:05:23.111872+00:00'
total_records: 0
