last_bootstrap: null
last_error: null
last_run: '2026-04-14T20:08:10.749347+00:00'
run_history:
- errors: 0
  finished_at: '2026-04-14T20:05:39.758208+00:00'
  records_fetched: 10
  records_new: 0
  records_skipped: 0
  records_updated: 0
  sample_records_saved: 10
  skip_exception: 0
  skip_normalize_none: 0
  started_at: '2026-04-14T20:03:06.367294+00:00'
- errors: 0
  finished_at: '2026-04-14T20:08:10.749347+00:00'
  records_fetched: 10
  records_new: 0
  records_skipped: 0
  records_updated: 0
  sample_records_saved: 10
  skip_exception: 0
  skip_normalize_none: 0
  started_at: '2026-04-14T20:06:25.295438+00:00'
total_records: 0
