last_bootstrap: null
last_error: null
last_run: '2026-04-26T13:10:31.847244+00:00'
run_history:
- errors: 0
  finished_at: '2026-04-26T13:10:03.828712+00:00'
  records_fetched: 0
  records_new: 0
  records_skipped: 0
  records_updated: 0
  sample_records_saved: 0
  skip_exception: 0
  skip_normalize_none: 0
  started_at: '2026-04-26T13:06:52.892991+00:00'
- errors: 0
  finished_at: '2026-04-26T13:10:31.847244+00:00'
  records_fetched: 15
  records_new: 0
  records_skipped: 0
  records_updated: 0
  sample_records_saved: 15
  skip_exception: 0
  skip_normalize_none: 0
  started_at: '2026-04-26T13:10:23.868393+00:00'
total_records: 0
