last_bootstrap: null
last_error: null
last_run: '2026-03-24T13:14:13.017687+00:00'
run_history:
- errors: 0
  finished_at: '2026-03-24T13:09:35.193250+00:00'
  records_fetched: 12
  records_new: 0
  records_skipped: 0
  records_updated: 0
  sample_records_saved: 12
  skip_exception: 0
  skip_normalize_none: 0
  started_at: '2026-03-24T13:06:15.719609+00:00'
- errors: 0
  finished_at: '2026-03-24T13:14:13.017687+00:00'
  records_fetched: 12
  records_new: 0
  records_skipped: 0
  records_updated: 0
  sample_records_saved: 12
  skip_exception: 0
  skip_normalize_none: 0
  started_at: '2026-03-24T13:10:01.808783+00:00'
total_records: 0
