last_bootstrap: null
last_error: null
last_run: '2026-04-28T19:06:56.102936+00:00'
run_history:
- errors: 0
  finished_at: '2026-04-28T18:31:41.766970+00:00'
  records_fetched: 15
  records_new: 0
  records_skipped: 0
  records_updated: 0
  sample_records_saved: 15
  skip_exception: 0
  skip_normalize_none: 0
  started_at: '2026-04-28T18:12:17.211325+00:00'
- errors: 0
  finished_at: '2026-04-28T19:06:56.102936+00:00'
  records_fetched: 15
  records_new: 0
  records_skipped: 0
  records_updated: 0
  sample_records_saved: 15
  skip_exception: 0
  skip_normalize_none: 0
  started_at: '2026-04-28T18:49:49.485412+00:00'
total_records: 0
