last_bootstrap: null
last_error: null
last_run: '2026-04-18T10:39:10.811292+00:00'
run_history:
- errors: 0
  finished_at: '2026-04-18T10:37:35.422047+00:00'
  records_fetched: 12
  records_new: 0
  records_skipped: 0
  records_updated: 0
  sample_records_saved: 12
  skip_exception: 0
  skip_normalize_none: 0
  started_at: '2026-04-18T10:37:15.445468+00:00'
- errors: 0
  finished_at: '2026-04-18T10:39:10.811292+00:00'
  records_fetched: 15
  records_new: 0
  records_skipped: 0
  records_updated: 0
  sample_records_saved: 15
  skip_exception: 0
  skip_normalize_none: 0
  started_at: '2026-04-18T10:38:45.161604+00:00'
total_records: 0
