last_bootstrap: null
last_error: '''str'' object has no attribute ''get'''
last_run: '2026-02-24T03:04:05.456068+00:00'
run_history:
- error_message: '''str'' object has no attribute ''get'''
  errors: 0
  finished_at: '2026-02-24T02:40:01.562010+00:00'
  records_fetched: 0
  records_new: 0
  records_skipped: 0
  records_updated: 0
  sample_records_saved: 0
  started_at: '2026-02-24T02:40:00.261180+00:00'
- errors: 0
  finished_at: '2026-02-24T03:02:47.752494+00:00'
  records_fetched: 12
  records_new: 0
  records_skipped: 0
  records_updated: 0
  sample_records_saved: 12
  started_at: '2026-02-24T03:02:00.675387+00:00'
- errors: 0
  finished_at: '2026-02-24T03:04:05.456068+00:00'
  records_fetched: 12
  records_new: 0
  records_skipped: 0
  records_updated: 0
  sample_records_saved: 12
  started_at: '2026-02-24T03:03:16.614475+00:00'
total_records: 0
