last_bootstrap: null
last_error: null
last_run: '2026-04-17T08:17:34.147690+00:00'
run_history:
- errors: 0
  finished_at: '2026-04-17T03:16:33.866238+00:00'
  records_fetched: 15
  records_new: 0
  records_skipped: 0
  records_updated: 0
  sample_records_saved: 15
  skip_exception: 0
  skip_normalize_none: 0
  started_at: '2026-04-17T03:14:35.289833+00:00'
- errors: 0
  finished_at: '2026-04-17T08:17:34.147690+00:00'
  records_fetched: 15
  records_new: 0
  records_skipped: 0
  records_updated: 0
  sample_records_saved: 15
  skip_exception: 0
  skip_normalize_none: 0
  started_at: '2026-04-17T08:15:41.752527+00:00'
total_records: 0
