last_bootstrap: null
last_error: '''str'' object has no attribute ''get'''
last_run: '2026-02-10T18:05:14.023597+00:00'
run_history:
- error_message: '''str'' object has no attribute ''get'''
  errors: 0
  finished_at: '2026-02-10T18:02:51.683775+00:00'
  records_fetched: 0
  records_new: 0
  records_skipped: 0
  records_updated: 0
  sample_records_saved: 0
  started_at: '2026-02-10T18:02:48.718123+00:00'
- errors: 0
  finished_at: '2026-02-10T18:03:56.703597+00:00'
  records_fetched: 12
  records_new: 0
  records_skipped: 0
  records_updated: 0
  sample_records_saved: 12
  started_at: '2026-02-10T18:03:45.448629+00:00'
- errors: 0
  finished_at: '2026-02-10T18:05:14.023597+00:00'
  records_fetched: 12
  records_new: 0
  records_skipped: 0
  records_updated: 0
  sample_records_saved: 12
  started_at: '2026-02-10T18:04:55.925899+00:00'
total_records: 0
