last_bootstrap: null
last_error: null
last_run: '2026-03-09T18:04:00.600888+00:00'
run_history:
- errors: 0
  finished_at: '2026-02-27T15:40:44.393837+00:00'
  records_fetched: 12
  records_new: 0
  records_skipped: 0
  records_updated: 0
  sample_records_saved: 12
  started_at: '2026-02-27T15:40:16.535631+00:00'
- errors: 0
  finished_at: '2026-03-09T18:04:00.600888+00:00'
  records_fetched: 12
  records_new: 0
  records_skipped: 0
  records_updated: 0
  sample_records_saved: 12
  skip_exception: 0
  skip_normalize_none: 0
  started_at: '2026-03-09T18:03:47.821076+00:00'
total_records: 0
