last_bootstrap: null
last_error: null
last_run: '2026-03-24T03:56:44.644468+00:00'
run_history:
- errors: 0
  finished_at: '2026-03-24T03:56:44.644468+00:00'
  records_fetched: 14
  records_new: 0
  records_skipped: 0
  records_updated: 0
  sample_records_saved: 14
  skip_exception: 0
  skip_normalize_none: 0
  started_at: '2026-03-24T03:56:18.958622+00:00'
total_records: 0
